function srgb_lut = get_srgb_lut()
    srgb_lut = [0.        , 0.04984009, 0.08494473, 0.11070206, 0.1318038 , ...
               0.1500052 , 0.16618571, 0.18085852, 0.19435316, 0.20689574, ...
               0.21864912, 0.2297351 , 0.24024751, 0.25026039, 0.25983335, ...
               0.26901522, 0.27784654, 0.28636142, 0.29458887, 0.30255379, ...
               0.31027775, 0.31777956, 0.32507576, 0.33218095, 0.33910814, ...
               0.34586892, 0.35247373, 0.35893195, 0.36525211, 0.37144191, ...
               0.37750843, 0.38345809, 0.38929682, 0.39503006, 0.40066283, ...
               0.40619976, 0.41164515, 0.41700301, 0.42227705, 0.42747073, ...
               0.4325873 , 0.43762978, 0.44260101, 0.44750367, 0.45234027, ...
               0.45711315, 0.46182456, 0.4664766 , 0.47107125, 0.47561039, ...
               0.48009581, 0.4845292 , 0.48891217, 0.49324624, 0.49753287, ...
               0.50177343, 0.50596926, 0.5101216 , 0.51423166, 0.51830059, ...
               0.52232949, 0.5263194 , 0.53027134, 0.53418626, 0.53806511, ...
               0.54190876, 0.54571806, 0.54949385, 0.5532369 , 0.55694798, ...
               0.56062782, 0.56427711, 0.56789655, 0.57148678, 0.57504843, ...
               0.57858212, 0.58208842, 0.58556792, 0.58902116, 0.59244866, ...
               0.59585095, 0.59922852, 0.60258186, 0.60591142, 0.60921766, ...
               0.61250102, 0.61576193, 0.61900079, 0.62221801, 0.62541397, ...
               0.62858905, 0.63174362, 0.63487803, 0.63799263, 0.64108775, ...
               0.64416372, 0.64722087, 0.65025949, 0.6532799 , 0.65628238, ...
               0.65926722, 0.6622347 , 0.66518508, 0.66811865, 0.67103564, ...
               0.67393632, 0.67682093, 0.67968971, 0.68254289, 0.6853807 , ...
               0.68820337, 0.6910111 , 0.69380412, 0.69658263, 0.69934683, ...
               0.70209693, 0.70483311, 0.70755556, 0.71026448, 0.71296003, ...
               0.71564241, 0.71831177, 0.7209683 , 0.72361216, 0.72624351, ...
               0.7288625 , 0.73146931, 0.73406407, 0.73664694, 0.73921807, ...
               0.7417776 , 0.74432566, 0.74686241, 0.74938797, 0.75190248, ...
               0.75440607, 0.75689886, 0.75938098, 0.76185255, 0.7643137 , ...
               0.76676454, 0.7692052 , 0.77163577, 0.77405638, 0.77646714, ...
               0.77886815, 0.78125952, 0.78364135, 0.78601376, 0.78837683, ...
               0.79073066, 0.79307536, 0.79541102, 0.79773773, 0.80005559, ...
               0.80236469, 0.80466511, 0.80695694, 0.80924028, 0.8115152 , ...
               0.81378179, 0.81604013, 0.81829031, 0.82053239, 0.82276647, ...
               0.82499262, 0.8272109 , 0.82942141, 0.83162421, 0.83381937, ...
               0.83600697, 0.83818708, 0.84035976, 0.84252508, 0.84468312, ...
               0.84683393, 0.84897759, 0.85111415, 0.85324368, 0.85536625, ...
               0.85748191, 0.85959072, 0.86169275, 0.86378805, 0.86587668, ...
               0.86795871, 0.87003418, 0.87210314, 0.87416567, 0.8762218 , ...
               0.8782716 , 0.88031512, 0.8823524 , 0.8843835 , 0.88640848, ...
               0.88842737, 0.89044024, 0.89244712, 0.89444807, 0.89644313, ...
               0.89843235, 0.90041578, 0.90239346, 0.90436543, 0.90633175, ...
               0.90829246, 0.91024759, 0.9121972 , 0.91414131, 0.91607999, ...
               0.91801326, 0.91994116, 0.92186375, 0.92378105, 0.92569311, ...
               0.92759996, 0.92950165, 0.93139821, 0.93328967, 0.93517608, ...
               0.93705748, 0.93893389, 0.94080535, 0.94267191, 0.94453359, ...
               0.94639042, 0.94824245, 0.95008971, 0.95193222, 0.95377002, ...
               0.95560315, 0.95743164, 0.95925552, 0.96107481, 0.96288956, ...
               0.96469978, 0.96650552, 0.9683068 , 0.97010366, 0.97189611, ...
               0.9736842 , 0.97546794, 0.97724737, 0.97902252, 0.98079341, ...
               0.98256008, 0.98432254, 0.98608083, 0.98783497, 0.98958499, ...
               0.99133091, 0.99307276, 0.99481057, 0.99654437, 0.99827417, ...
               1.        ];
end

